1 0.27914526311954124
1 0.2445579940222592
1 0.6396021490668313
1 0.20683507599800766
2 0.2857738033247041
2 0.3009646327144231
2 0.19518001458970666
2 0.19867985355975656
3 0.2357022603955158
3 0.2672612419124244
3 0.4216370213557839
4 0.23145502494313785
4 0.27386127875258304
4 0.20044593143431827
5 0.0
5 0.16329931618554522
5 0.4082482904638631
6 0.5547001962252291
6 0.1823312393723682
6 0.6013377943029549
7 0.0890870806374748
7 0.09166984970282112
7 0.1781741612749496
7 0.0
8 0.18333969940564224
8 0.2182178902359924
8 0.06900655593423542
8 0.05572782125753528
9 0.5803810000880093
9 0.4183300132670378
9 0.3407771005482389
9 0.6529286250990104
10 0.4999999999999999
10 0.2773500981126146
10 0.15811388300841897
10 0.08574929257125441
11 0.17677669529663687
11 0.3273268353539886
11 0.36380343755449945
11 0.23570226039551587
12 0.31622776601683794
12 0.5720775535473553
12 0.3834824944236852
12 0.29814239699997197
13 0.11952286093343936
13 0.26967994498529685
13 0.13483997249264842
14 0.4216370213557839
14 0.3380617018914066
14 0.4225771273642583
15 0.07881104062391006
15 0.5714285714285714
15 0.4193139346887673
16 0.28284271247461895
16 0.33541019662496846
16 0.3464101615137754
17 0.1507556722888818
17 0.4472135954999579
17 0.2773500981126146
18 0.22645540682891918
18 0.23570226039551587
18 0.0
19 0.1267731382092775
19 0.28800921644239164
19 0.2849014411490949
20 0.3077935056255462
20 0.4216370213557839
20 0.14142135623730948